[PARAMETERS]
WIDTH=875
HEIGHT=551
X_OFFSET=421.148162841797
Z_OFFSET=374.566680908203
MARGIN=10
SCALE_FACTOR=1
DRAWING_SIZE=10

