[PARAMETERS]
WIDTH=875
HEIGHT=562
X_OFFSET=420.9501953125
Z_OFFSET=386.461212158203
MARGIN=10
SCALE_FACTOR=1
DRAWING_SIZE=10

